240 296
255 307
270 325
285 338
300 355
315 373
330 385
345 399
360 414
375 428
390 448
405 463
420 473
435 489
450 507
465 520
480 537
495 547
510 563
525 577
540 597
555 609
570 625
585 640
600 656
615 672
630 690
645 701
660 719
675 734
690 748
705 761
720 780
735 793
750 804
765 820
780 837
795 849
810 862
825 882
840 893
855 914
870 929
885 944
900 958
915 974
930 985
945 1000
960 1016
975 1031
990 1047
1005 1062
1020 1078
1035 1096
1050 1106
1065 1122
1080 1137
1095 1151
1110 1167
1125 1180
1140 1195
1155 1209
1170 1223
1185 1237
1200 1252
1215 1269
1230 1282
1245 1301
1260 1318
1275 1327
1290 1344
1305 1361
1320 1377
1335 1393
1350 1402
1365 1422