240 247
250 260
260 266
270 280
280 290
290 301
300 308
310 319
320 330
330 340
340 349
350 360
360 367
370 380
380 386
390 396
400 411
410 418
420 428
430 441
440 448
450 456
460 471
470 479
480 490
490 497
500 505
510 518
520 529
530 538
540 551
550 557
560 567
570 580
580 587
590 600
600 610
610 622
620 631
630 642
640 653
650 658
660 672
670 681
680 688
690 702
700 709
710 720
720 729
730 739
740 752
750 757
760 768
770 775
780 789
790 799
800 806
810 820
820 831
830 838
840 848
850 861
860 873
870 884
880 891
890 901
900 913
910 918
920 933
930 938
940 953
950 960
960 972
970 980
980 989
990 1000
1000 1012
1010 1021
1020 1033
1030 1039
1040 1054
1050 1063
1060 1074
1070 1081
1080 1088
1090 1100
1100 1110
1110 1118
1120 1125
1130 1140
1140 1150
1150 1155
1160 1171
1170 1177
1180 1185
1190 1201
1200 1209
1210 1218
1220 1230
1230 1238
1240 1246
1250 1260
1260 1267
1270 1279
1280 1291
1290 1301
1300 1306
1310 1319
1320 1329
1330 1341
1340 1346
1350 1356
1360 1368
1370 1380
1380 1389
1390 1401
1400 1411
1410 1416
1420 1431
1430 1441
