300 310
310 321
320 334
330 344
340 350
350 363
360 375
370 385
380 393
390 403
400 414
410 425
420 432
430 443
440 453
450 463
460 470
470 485
480 494
490 503
500 514
510 524
520 535
530 546
540 550
550 561
560 572
570 583
580 592
590 600
600 611
610 624
620 638
630 648
640 657
650 667
660 676
670 686
680 694
690 706
700 715
710 724
720 736
730 748
740 755
750 762
760 770
770 780
780 795
790 803
800 814
810 823
820 833
830 842
840 851
850 869
860 876
870 885
880 898
890 904
900 917
910 928
920 937
930 944
940 955
950 965
960 977
970 988
980 993
990 1006
1000 1013
1010 1027
1020 1036
1030 1049
1040 1059
1050 1064
1060 1076
1070 1088
1080 1096
1090 1102
1100 1112
1110 1126
1120 1130
1130 1141
1140 1156
1150 1160
1160 1175
1170 1181
1180 1194
1190 1205
1200 1213
1210 1221
1220 1231
1230 1243
1240 1252
1250 1262
1260 1275
1270 1286
1280 1293
1290 1304
1300 1310
1310 1322
1320 1334
1330 1342
1340 1353
1350 1366
1360 1371
1370 1382
