240 295
255 312
270 328
285 342
300 357
315 370
330 385
345 401
360 418
375 427
390 448
405 459
420 476
435 487
450 503
465 522
480 534
495 550
510 564
525 578
540 596
555 613
570 625
585 641
600 655
615 671
630 686
645 706
660 718
675 733
690 750
705 765
720 781
735 796
750 803
765 820
780 837
795 849
810 864
825 880
840 894
855 915
870 926
885 944
900 959
915 971
930 990
945 1003
960 1021
975 1031
990 1049
1005 1062
1020 1076
1035 1096
1050 1110
1065 1123
1080 1137
1095 1153
1110 1167
1125 1181
1140 1198
1155 1211
1170 1228
1185 1242
1200 1256
1215 1268
1230 1284
1245 1299
1260 1315
1275 1330
1290 1344
1305 1361
1320 1375
1335 1391
1350 1407
1365 1418
