300 317
310 325
320 339
330 346
340 354
350 369
360 374
370 388
380 395
390 407
400 420
410 429
420 440
430 444
440 455
450 467
460 477
470 486
480 498
490 508
500 520
510 527
520 538
530 544
540 554
550 564
560 574
570 588
580 599
590 605
600 620
610 627
620 643
630 653
640 660
650 672
660 678
670 687
680 703
690 713
700 717
710 731
720 738
730 753
740 759
750 767
760 775
770 788
780 800
790 805
800 820
810 828
820 836
830 850
840 857
850 870
860 877
870 891
880 897
890 907
900 921
910 931
920 939
930 947
940 957
950 970
960 978
970 990
980 1001
990 1009
1000 1022
1010 1028
1020 1037
1030 1052
1040 1060
1050 1070
1060 1078
1070 1091
1080 1095
1090 1110
1100 1118
1110 1126
1120 1138
1130 1147
1140 1157
1150 1165
1160 1175
1170 1185
1180 1194
1190 1206
1200 1217
1210 1229
1220 1240
1230 1249
1240 1255
1250 1267
1260 1280
1270 1288
1280 1295
1290 1309
1300 1320
1310 1330
1320 1335
1330 1350
1340 1356
1350 1369
1360 1374
1370 1386
