300 313
310 320
320 335
330 341
340 354
350 363
360 373
370 383
380 392
390 400
400 415
410 420
420 432
430 443
440 456
450 462
460 476
470 481
480 495
490 506
500 514
510 520
520 536
530 543
540 553
550 563
560 576
570 584
580 591
590 602
600 612
610 627
620 634
630 649
640 656
650 663
660 675
670 689
680 699
690 706
700 713
710 723
720 738
730 745
740 755
750 760
760 776
770 785
780 790
790 804
800 810
810 823
820 836
830 840
840 850
850 864
860 874
870 885
880 897
890 905
900 914
910 923
920 934
930 945
940 957
950 969
960 973
970 983
980 993
990 1009
1000 1013
1010 1028
1020 1038
1030 1049
1040 1058
1050 1069
1060 1075
1070 1085
1080 1090
1090 1101
1100 1112
1110 1120
1120 1130
1130 1144
1140 1154
1150 1163
1160 1175
1170 1186
1180 1191
1190 1205
1200 1216
1210 1226
1220 1236
1230 1244
1240 1255
1250 1263
1260 1270
1270 1286
1280 1296
1290 1305
1300 1314
1310 1326
1320 1334
1330 1345
1340 1356
1350 1360
1360 1375
1370 1381
