300 319
310 330
320 339
330 349
340 357
350 367
360 378
370 387
380 400
390 405
400 414
410 425
420 437
430 448
440 459
450 470
460 476
470 490
480 497
490 505
500 517
510 526
520 536
530 546
540 555
550 567
560 575
570 584
580 595
590 605
600 616
610 631
620 642
630 648
640 661
650 673
660 681
670 688
680 702
690 707
700 721
710 728
720 742
730 750
740 761
750 766
760 776
770 784
780 796
790 806
800 814
810 827
820 839
830 847
840 855
850 870
860 880
870 888
880 900
890 908
900 919
910 931
920 940
930 952
940 959
950 972
960 980
970 988
980 997
990 1008
1000 1023
1010 1033
1020 1037
1030 1048
1040 1062
1050 1067
1060 1083
1070 1092
1080 1095
1090 1109
1100 1119
1110 1128
1120 1134
1130 1150
1140 1155
1150 1167
1160 1175
1170 1186
1180 1197
1190 1210
1200 1216
1210 1226
1220 1236
1230 1244
1240 1257
1250 1265
1260 1277
1270 1290
1280 1296
1290 1306
1300 1318
1310 1329
1320 1334
1330 1346
1340 1356
1350 1367
1360 1375
1370 1390
