350 356
360 368
370 378
380 387
390 399
400 404
410 417
420 424
430 440
440 449
450 460
460 464
470 476
480 484
490 497
500 505
510 520
520 530
530 537
540 544
550 559
560 568
570 579
580 588
590 596
600 610
610 620
620 629
630 642
640 649
650 658
660 670
670 682
680 687
690 700
700 713
710 720
720 728
730 742
740 750
750 758
760 769
770 778
780 790
790 797
800 804
810 816
820 825
830 835
840 846
850 859
860 867
870 877
880 890
890 898
900 909
910 922
920 933
930 940
940 951
950 959
960 971
970 978
980 992
990 999
1000 1008
1010 1021
1020 1032
1030 1037
1040 1049
1050 1060
1060 1070
1070 1082
1080 1084
1090 1096
1100 1108
1110 1118
1120 1126
1130 1137
1140 1145
1150 1156
1160 1167
1170 1174
1180 1184
1190 1199
1200 1208
1210 1216
1220 1228
1230 1234
1240 1244
1250 1258
1260 1265
1270 1276
1280 1284
1290 1296
1300 1305
1310 1317
